29.1847611014	1126.98510561	0.0
29.4402428219	1127.426756	0.0
29.7207813801	1127.90673646	0.0
30.0299816682	1128.43542299	0.0
30.3232269841	1128.93505678	0.0
30.5902042944	1129.39184388	0.0
30.8522110532	1129.84106263	0.0
31.1826572978	1130.40759096	0.0
31.448137339	1130.86303529	0.0
31.733520562	1131.35326967	0.0
32.0832291205	1131.95495424	0.0
32.3497734625	1132.41430482	0.0
32.6884003226	1132.99816713	0.0
32.9237862176	1133.62658509	0.0
33.2948952271	1134.04345521	0.0
33.6141472404	1134.59387025	0.0
34.0187378486	1135.29162416	0.0
34.298008019	1135.77282533	0.0
34.894863184	1136.80065736	0.0
35.3733292185	1137.62304506	0.0
35.6346855705	1138.07201967	0.0
35.9620781488	1138.63451967	0.0
36.2247391291	1139.08569154	0.0
36.479721124	1139.52306947	0.0
36.7499847962	1139.98669252	0.0
37.0035477237	1140.42162904	0.0
37.4487000064	1141.18591127	0.0
37.8169251045	1141.81835755	0.0
38.071666772	1142.25573549	0.0
38.4203377312	1142.85473451	0.0
38.6821175177	1143.30492982	0.0
39.1028137766	1144.03173646	0.0
39.4365311217	1144.63122377	0.0
39.7661934448	1145.22753725	0.0
40.1749458861	1145.95117006	0.0
40.575779017	1146.65624818	0.0
40.7580338076	1147.30236635	0.0
41.2612038203	1147.86022768	0.0
41.5802918025	1148.42187318	0.0
41.8787842343	1148.97082338	0.0
42.1731224608	1149.5406476	0.0
42.4705429627	1150.10229311	0.0
42.7654839104	1150.64294252	0.0
43.2066383913	1151.44555482	0.0
43.5148659296	1152.00683412	0.0
43.8096352177	1152.54394349	0.0
44.2422905514	1153.33276186	0.0
44.6749001102	1154.12927064	0.0
45.2214127146	1155.17309389	0.0
45.4971390319	1155.68725404	0.0
45.9057808462	1156.44616518	0.0
46.1761208122	1156.94860658	0.0
46.4593086788	1157.47497377	0.0
46.7467041564	1158.00939759	0.0
47.1790543148	1158.81335267	0.0
47.6154785698	1159.62512025	0.0
48.0539932805	1160.4403058	0.0
48.4988709054	1161.26782045	0.0
48.658538873	1161.81127748	0.0
49.1033783518	1162.39172182	0.0
49.399814661	1162.94335756	0.0
49.7130241942	1163.52648744	0.0
50.174472864	1164.38513002	0.0
50.4925079892	1164.97717103	0.0
50.7983360845	1165.54626283	0.0
51.1055450985	1166.11816225	0.0
51.4199410027	1166.70312318	0.0
51.747604425	1167.31262025	0.0
52.2262039733	1168.20190248	0.0
52.713405664	1169.10571108	0.0
52.9584656306	1169.56054506	0.0
53.2179031914	1170.04223451	0.0
53.465763147	1170.50182924	0.0
53.7313385551	1170.9949933	0.0
53.9884262637	1171.47216615	0.0
54.2454491208	1171.94872865	0.0
54.4964829032	1172.41442689	0.0
54.7650757387	1172.91271791	0.0
55.030632073	1173.40551576	0.0
55.3070831852	1173.9189435	0.0
55.5717850285	1174.4102765	0.0
55.8595238273	1174.94445619	0.0
56.1227570131	1175.43298158	0.0
56.4147759035	1175.97460756	0.0
56.6822815495	1176.47118959	0.0
56.9700089052	1177.00561342	0.0
57.2482834416	1177.52245912	0.0
57.5501480643	1178.08276186	0.0
57.8272286016	1178.59704408	0.0
58.1230240423	1179.14587221	0.0
58.5104179929	1179.86535463	0.0
58.9251862114	1180.63574037	0.0
59.3291359498	1181.38586244	0.0
59.7400818422	1182.14880189	0.0
60.1637573793	1182.93591127	0.0
60.5910988411	1183.72997865	0.0
61.250160273	1184.95519838	0.0
61.6833534785	1185.76135072	0.0
62.1425934393	1186.61694154	0.0
62.82282644	1187.87988099	0.0
63.2739563531	1188.72057924	0.0
63.7306290214	1189.54101381	0.0
64.2172012872	1190.39953432	0.0
64.6702957697	1191.21301088	0.0
65.0048828663	1191.81640443	0.0
65.3539352958	1192.44640932	0.0
65.6906433652	1193.0541974	0.0
66.0444336496	1193.69262513	0.0
66.4982681827	1194.51110658	0.0
66.7399445129	1195.36047181	0.0
67.4381256655	1196.20568666	0.0
67.8926697324	1197.02502259	0.0
68.1467438283	1197.48303041	0.0
68.4862137394	1198.09509096	0.0
69.0968094427	1199.19543276	0.0
69.5576859069	1200.02587709	0.0
70.0202942445	1200.85949525	0.0
70.5042038522	1201.73095522	0.0
70.9775543755	1202.58325014	0.0
71.4408569891	1203.41723451	0.0
72.1452179501	1204.68530092	0.0
72.4005814145	1205.14477357	0.0
72.8472290595	1205.94836244	0.0
73.0934143626	1206.39159975	0.0
73.7956467224	1207.65539369	0.0
74.1278229317	1208.25304994	0.0
74.482681329	1208.89159975	0.0
74.7180710384	1210.14831361	0.0
75.407051141	1210.55273256	0.0
75.8661652153	1211.37707338	0.0
76.548027094	1212.60217103	0.0
76.7741852357	1213.2001935	0.0
77.2248154239	1213.81823549	0.0
77.9071274351	1215.04601869	0.0
78.3476028984	1215.83947572	0.0
78.8040543162	1216.66247377	0.0
79.4757004335	1217.87182435	0.0
79.9346542919	1218.69750795	0.0
80.3728256778	1219.48547182	0.0
80.9845963065	1220.58666811	0.0
81.4190674383	1221.36804017	0.0
81.826095635	1222.09960756	0.0
82.0198288509	1223.12048158	0.0
82.6675186709	1223.61242494	0.0
82.9192963206	1224.06493959	0.0
83.2237167916	1224.61193666	0.0
83.7316208442	1225.5250226	0.0
84.1104736869	1226.20849428	0.0
84.4144287659	1226.75634584	0.0
84.832969721	1227.51171694	0.0
85.1270447326	1228.04211244	0.0
85.4811707105	1228.68090639	0.0
85.8404846748	1229.32873353	0.0
86.2596207215	1230.08410463	0.0
86.6782761177	1230.8198224	0.0
87.0655594433	1231.43652162	0.0
87.4809189392	1232.02197084	0.0
87.9204178403	1232.56445131	0.0
88.3878708436	1233.07153139	0.0
88.8610916682	1233.51855287	0.0
89.4363785351	1233.97668275	0.0
89.9218445366	1234.29540834	0.0
90.6494064875	1234.66076479	0.0
91.1267777033	1234.82665834	0.0
91.7473145087	1234.9904767	0.0
92.2874374936	1235.12084779	0.0
92.9926453175	1235.28783998	0.0
93.7193680362	1235.47863588	0.0
94.2118607124	1235.62463197	0.0
94.9690704901	1235.88134584	0.0
95.4874573311	1236.07079897	0.0
96.0111618598	1236.24230775	0.0
96.5247116648	1236.41271791	0.0
97.1920929495	1236.62463197	0.0
97.6947708689	1236.74865541	0.0
98.2075653634	1236.84374818	0.0
98.7842484072	1236.90893373	0.0
99.2853394109	1236.92700014	0.0
99.9338684641	1236.89282045	0.0
100.479690606	1236.80932436	0.0
101.291564997	1236.54846009	0.0
101.793045098	1236.29003725	0.0
102.249809319	1235.97570619	0.0
102.71932226	1235.56323061	0.0
103.033775385	1235.12731752	0.0
103.424346979	1234.80346498	0.0
103.780403193	1234.42748842	0.0
104.177551324	1234.05663881	0.0
104.642852838	1233.66515931	0.0
105.118324336	1233.32165346	0.0
105.562103326	1233.05798158	0.0
106.118621882	1232.77258119	0.0
106.642395074	1232.46740541	0.0
107.072456414	1232.19872865	0.0
107.609413201	1231.86779604	0.0
108.182701165	1231.54260072	0.0
108.668747003	1231.25561342	0.0
109.144584711	1230.98498353	0.0
109.613601739	1230.70886049	0.0
110.134574945	1230.41821107	0.0
110.628242548	1230.14147767	0.0
111.074447688	1229.9144269	0.0
111.559227046	1229.65722475	0.0
112.17433935	1229.30431947	0.0
112.636512811	1229.04443178	0.0
113.127487238	1228.770506	0.0
113.624496514	1228.49157533	0.0
114.119529779	1228.21203432	0.0
114.639961297	1227.91308412	0.0
115.267036492	1227.5607892	0.0
115.80791479	1227.25927553	0.0
116.223960931	1226.94286928	0.0
116.92597204	1226.62866029	0.0
117.510444696	1226.29992494	0.0
117.964599664	1226.0476056	0.0
118.420921381	1225.79015932	0.0
119.027092036	1225.44604311	0.0
119.496719415	1225.18200502	0.0
120.118072565	1224.83447084	0.0
120.578422602	1224.57592592	0.0
121.175605828	1224.21594057	0.0
121.707382256	1223.90087709	0.0
122.185897882	1223.59155092	0.0
122.723251398	1223.2318097	0.0
123.17194372	1222.90820131	0.0
123.594879205	1222.56042299	0.0
124.052406365	1222.15441713	0.0
124.482490594	1221.71386537	0.0
124.845993097	1221.26879701	0.0
125.157112177	1220.80004701	0.0
125.392509515	1220.35778627	0.0
125.636337335	1219.74145326	0.0
125.763053949	1219.25720033	0.0
125.853836114	1218.70239076	0.0
125.935966547	1218.01098451	0.0
126.022308404	1217.40661439	0.0
126.188018854	1216.7059308	0.0
126.365097101	1216.15063295	0.0
126.539817866	1215.65441713	0.0
126.752021844	1215.04199037	0.0
126.938606318	1214.4970685	0.0
127.129516656	1213.80370912	0.0
127.238227899	1213.21032533	0.0
127.292778069	1212.62341127	0.0
127.278274592	1211.85485658	0.0
127.203407342	1211.30285463	0.0
127.01668554	1210.60668764	0.0
126.752571161	1209.99462709	0.0
126.457382258	1209.50500307	0.0
126.012001092	1208.95654115	0.0
125.584434565	1208.50744447	0.0
125.225257929	1208.13769349	0.0
124.876648004	1207.74731264	0.0
124.569129999	1207.35143861	0.0
124.218193109	1206.84924135	0.0
123.95494085	1206.37939272	0.0
123.680923516	1205.79455385	0.0
123.432457024	1205.19799623	0.0
123.213775689	1204.72997866	0.0
122.949676569	1204.21435365	0.0
122.695221001	1203.73083314	0.0
122.462730462	1203.28027162	0.0
122.225166376	1202.80688294	0.0
121.989227349	1202.30822572	0.0
121.692428643	1201.68859682	0.0
121.460243279	1201.21972475	0.0
121.102577264	1200.51074037	0.0
120.831687981	1199.97070131	0.0
120.589050348	1199.47192201	0.0
120.376380975	1199.00109682	0.0
120.160873468	1198.51232729	0.0
119.930625971	1198.00524721	0.0
119.560592706	1197.21325502	0.0
119.363830621	1196.3588849	0.0
118.877540643	1195.75988588	0.0
118.431495721	1194.8218976	0.0
118.11347967	1194.15344057	0.0
117.791671808	1193.47521791	0.0
117.302299554	1192.44262514	0.0
116.985923821	1191.77709779	0.0
116.67382818	1191.12011537	0.0
116.238693293	1190.20300111	0.0
115.956886347	1189.60912904	0.0
115.681587274	1189.03137025	0.0
115.245086725	1188.16198549	0.0
114.946823175	1187.62096986	0.0
114.628265437	1187.09130677	0.0
114.285400447	1186.57494935	0.0
113.917701777	1186.07470521	0.0
113.5454331	1185.59301576	0.0
112.973678644	1184.88635072	0.0
112.574569757	1184.44372377	0.0
112.153617914	1184.02404604	0.0
111.483779963	1183.45007143	0.0
111.014846856	1183.11096009	0.0
110.279899651	1182.67309389	0.0
109.772476252	1182.43261537	0.0
109.244636589	1182.23242006	0.0
108.723884637	1182.08044252	0.0
108.197998102	1181.96862611	0.0
107.678558404	1181.89318666	0.0
107.177543696	1181.85217103	0.0
106.492355402	1181.85046205	0.0
105.820114191	1181.91528139	0.0
105.196517999	1182.03832826	0.0
104.606941277	1182.2191144	0.0
104.025734002	1182.44299135	0.0
103.441291865	1182.71398744	0.0
102.852836663	1183.05505189	0.0
102.2716065	1183.4468976	0.0
101.569999749	1183.95495424	0.0
101.060257012	1184.31396303	0.0
100.623153741	1184.60046205	0.0
99.8262940007	1185.05261049	0.0
99.2505264835	1185.34057436	0.0
98.9037705012	1185.80358705	0.0
98.3446426938	1185.80358705	0.0
97.8860397891	1186.04015931	0.0
97.000511225	1186.49816713	0.0
96.3497772768	1186.83471498	0.0
95.8867111764	1187.07458314	0.0
95.2007294256	1187.42968568	0.0
94.4837265558	1187.80053529	0.0
93.729454095	1188.19079408	0.0
92.9080582216	1188.61572084	0.0
91.7529373722	1189.21337709	0.0
91.1266480035	1189.53991518	0.0
90.6384506776	1189.79345521	0.0
89.8222427918	1190.21764955	0.0
89.1179581235	1190.58471498	0.0
88.4007263735	1190.96056947	0.0
87.2768250069	1191.5439435	0.0
86.5203705383	1191.93566713	0.0
85.5988159725	1192.41760072	0.0
84.8156586246	1192.82360658	0.0
84.2200546809	1193.1335431	0.0
83.6271668021	1193.44250307	0.0
82.6226807198	1193.96508607	0.0
81.8100662784	1194.38793764	0.0
80.9821777903	1194.81847963	0.0
80.1715851387	1195.24035463	0.0
79.276939447	1195.70568666	0.0
78.4008408138	1196.16137514	0.0
77.5519562316	1196.60265932	0.0
77.0695953917	1196.85326967	0.0
76.1882858828	1197.31139955	0.0
75.6828003476	1197.57458314	0.0
75.2129440846	1197.81872377	0.0
74.2598648628	1198.31371889	0.0
73.7727432792	1198.56713686	0.0
72.7978592468	1199.07385072	0.0
72.2893219548	1199.33837709	0.0
71.298019464	1199.85339174	0.0
70.7986832223	1200.11279115	0.0
69.7794495184	1200.64245424	0.0
69.2650833674	1200.90966615	0.0
68.800491388	1201.15075502	0.0
68.2308884221	1201.44665346	0.0
67.7128525338	1201.71545229	0.0
67.2424088066	1201.95983705	0.0
66.1604538519	1202.52136049	0.0
65.6949692328	1202.76379213	0.0
65.138427789	1203.05676088	0.0
64.6299744201	1203.33129701	0.0
64.1311874945	1203.60986147	0.0
63.1212120605	1204.19396791	0.0
62.6431465692	1204.46996889	0.0
62.1188774655	1204.76879701	0.0
61.5795746396	1205.074339	0.0
60.5687065671	1205.6557599	0.0
59.8469620309	1206.08337221	0.0
59.1287231997	1206.50658998	0.0
58.6201286858	1206.80322084	0.0
57.6365891063	1207.37389955	0.0
57.1368713921	1207.66332826	0.0
56.1823921743	1208.21423158	0.0
55.6668243966	1208.50573549	0.0
54.680774743	1209.03332338	0.0
54.1698608948	1209.2951642	0.0
53.6810036259	1209.5451642	0.0
52.6777115423	1210.07043276	0.0
51.686279352	1210.59826479	0.0
51.1815987187	1210.86889467	0.0
50.2095184872	1211.39050111	0.0
49.4509544931	1211.79821596	0.0
48.7260780894	1212.18810853	0.0
47.7072029652	1212.73620424	0.0
47.2275086003	1212.9937726	0.0
46.2621117184	1213.51049623	0.0
45.746192988	1213.78515444	0.0
45.2506752571	1214.04833803	0.0
44.7568283626	1214.30944642	0.0
44.2508240301	1214.57653627	0.0
43.7444344126	1214.84435853	0.0
42.729713496	1215.38061342	0.0
42.2105484566	1215.65527162	0.0
41.1453018734	1216.21838197	0.0
40.6325684135	1216.48962221	0.0
39.6364365183	1217.01904115	0.0
39.0660248352	1217.32324037	0.0
38.5411720827	1217.60412416	0.0
38.0570908147	1217.86327943	0.0
37.4911423269	1218.1668683	0.0
36.4659004757	1218.71716127	0.0
35.8850098198	1219.02575502	0.0
35.3399429868	1219.30737123	0.0
34.7959328237	1219.574339	0.0
34.2441521252	1219.83166322	0.0
33.1230202277	1220.31493959	0.0
32.5497971133	1220.54247865	0.0
31.9846439912	1220.75524721	0.0
31.4114819119	1220.95776185	0.0
30.6387596671	1221.21056947	0.0
29.0807495671	1221.64257631	0.0
27.955341394	1221.89184389	0.0
27.3532181344	1222.00573549	0.0
26.2310638982	1222.19006166	0.0
25.3581619803	1222.31371889	0.0
24.5656986783	1222.41100892	0.0
23.9911118113	1222.47460756	0.0
23.4527550285	1222.52941713	0.0
22.1726437168	1222.63451966	0.0
21.4520111627	1222.68029603	0.0
20.9290466869	1222.70763979	0.0
19.9941406794	1222.74767885	0.0
19.2857800075	1222.77075014	0.0
18.6351605007	1222.78637513	0.0
17.9528351388	1222.801756	0.0
17.3423615058	1222.80724916	0.0
16.6871281214	1222.79650697	0.0
16.0925140927	1222.78246889	0.0
15.4841480815	1222.75304994	0.0
14.9445601061	1222.70995912	0.0
13.8688984477	1222.53051576	0.0
13.3258486335	1222.39770326	0.0
12.8276444029	1222.25695619	0.0
11.8103333075	1221.918089	0.0
11.2962093898	1221.71069154	0.0
10.8380737854	1221.50109681	0.0
10.2053280417	1221.17053041	0.0
9.63698964758	1220.82739076	0.0
9.10890203295	1220.4637433	0.0
8.71077257046	1220.15368471	0.0
8.11825090175	1219.61596498	0.0
7.70857339638	1219.17687807	0.0
6.98752980848	1218.20068178	0.0
6.70815568638	1217.70995912	0.0
6.27666955761	1216.65392885	0.0
6.14393144398	1216.14745912	0.0
6.01570039632	1215.37499818	0.0
5.97190338018	1214.63000306	0.0
6.00827222702	1213.92931947	0.0
6.13108974218	1213.25683412	0.0
6.31604533875	1212.61047182	0.0
6.55451017123	1211.91393861	0.0
6.80224042648	1211.26476869	0.0
7.08733468899	1210.57812318	0.0
7.28392511193	1210.09191713	0.0
7.51556545141	1209.47472963	0.0
7.68943362875	1208.96313295	0.0
7.88467651239	1208.28747377	0.0
8.08437352901	1207.5061017	0.0
8.08437352901	1206.92516908	0.0
8.27776914445	1206.45080385	0.0
8.37196355598	1205.6701642	0.0
8.41212087503	1204.72326478	0.0
8.39058023231	1204.10961732	0.0
8.21146875218	1202.85583314	0.0
8.061935479	1202.26403627	0.0
7.87270551437	1201.6857892	0.0
7.596466597	1200.98827944	0.0
7.3029285032	1200.31152162	0.0
7.05597644497	1199.77270326	0.0
6.70028167422	1198.95031557	0.0
6.37556033849	1198.07299623	0.0
6.18404870777	1197.49511537	0.0
5.98277002125	1196.88622865	0.0
5.77616840124	1196.26586732	0.0
5.35157352261	1195.00048647	0.0
5.14160590782	1194.37634095	0.0
4.97756439017	1193.88610658	0.0
4.59475045971	1192.74389467	0.0
4.38413053349	1192.121214	0.0
4.07049279934	1191.18847474	0.0
3.78397541767	1190.25988588	0.0
3.54746776441	1189.33373842	0.0
3.37018399872	1188.40063295	0.0
3.26602917456	1187.46508607	0.0
3.23006039439	1186.54443178	0.0
3.22309880878	1185.93090639	0.0
3.24078589247	1185.33178529	0.0
3.24078589247	1184.73303041	0.0
3.43649559736	1183.85632142	0.0
3.76794105308	1182.72192201	0.0
3.97120361967	1182.19994935	0.0
4.32552104833	1181.43163881	0.0
4.74906020961	1180.71179017	0.0
5.22530656616	1180.03918275	0.0
5.71398406749	1179.39721498	0.0
6.18965535896	1178.78417787	0.0
6.66307121032	1178.17040834	0.0
7.12303453218	1177.54955873	0.0
7.57602458663	1176.91161928	0.0
8.03989320615	1176.30004701	0.0
8.2037048887	1175.708006	0.0
8.68265920359	1175.51330385	0.0
9.13884263817	1174.92248353	0.0
9.57288366038	1174.33593568	0.0
10.0107956487	1173.75182924	0.0
10.3224793026	1173.16589174	0.0
10.8265810569	1172.77978334	0.0
11.5460548957	1172.01367006	0.0
11.9230452133	1171.64404115	0.0
12.3049669805	1171.27319154	0.0
12.7827654438	1170.83251771	0.0
13.2823334293	1170.41662416	0.0
13.69526964	1170.10912904	0.0
14.3180809571	1169.67944154	0.0
14.9370718559	1169.26830873	0.0
15.7799292164	1168.78954897	0.0
16.4131680074	1168.46520814	0.0
17.0295715888	1168.13879213	0.0
17.6476402826	1167.78783998	0.0
18.258619363	1167.41320619	0.0
18.6687794277	1167.02514467	0.0
19.5004273013	1166.6413556	0.0
20.1362171714	1166.24633607	0.0
20.5634918759	1165.98083314	0.0
21.2147121976	1165.59643373	0.0
21.6481972284	1165.34374819	0.0
22.0796433042	1165.0842267	0.0
22.7164040162	1164.6956769	0.0
23.3602123801	1164.30151185	0.0
23.7902775356	1164.03796205	0.0
24.221546228	1163.77404603	0.0
24.6670361107	1163.50219545	0.0
25.3471546731	1163.08679017	0.0
25.8092556539	1162.808714	0.0
26.2762203763	1162.53600893	0.0
26.8929691865	1162.16967592	0.0
27.5071888531	1161.80004701	0.0
28.0173798159	1161.49267396	0.0
28.8032513215	1161.02013979	0.0
29.3440933784	1160.69860658	0.0
29.9390678947	1160.36120424	0.0
30.8295326783	1159.91149721	0.0
31.5047798716	1159.62524233	0.0
31.9767284952	1159.45190248	0.0
32.9304352358	1159.16650209	0.0
33.5530624948	1159.02917298	0.0
34.3548241202	1158.91210756	0.0
35.305442864	1158.8666974	0.0
36.2484322151	1158.9291974	0.0
36.8630447943	1159.03246888	0.0
37.6039887028	1159.22851381	0.0
38.1411095218	1159.42602357	0.0
38.8116341183	1159.74804506	0.0
39.5324173524	1160.21020326	0.0
39.9748497564	1160.56835756	0.0
40.7828598567	1161.37804994	0.0
41.3462715704	1162.05773744	0.0
41.8919487539	1162.80395326	0.0
42.409877832	1163.58679017	0.0
42.9227638795	1164.41833314	0.0
43.182735497	1164.85400209	0.0
43.5150452209	1165.41540346	0.0
44.0477486206	1166.3062726	0.0
44.5247955884	1167.07226381	0.0
44.8307037913	1167.53539858	0.0
45.1375389647	1167.97826967	0.0
45.5046539861	1168.48119935	0.0
45.8212471561	1168.89990053	0.0
46.1761398874	1169.36840639	0.0
46.5207100466	1169.83251771	0.0
47.2269898013	1170.80663881	0.0
47.5874252876	1171.30700502	0.0
47.9515724723	1171.81237612	0.0
48.6910973141	1172.83801088	0.0
49.1095085701	1173.41833314	0.0
49.4714813781	1173.92040834	0.0
49.8788528988	1174.48449525	0.0
50.395351465	1175.19933901	0.0
51.0881729677	1176.15759096	0.0
51.5261459896	1176.76281557	0.0
52.0718727671	1177.50573549	0.0
52.3771935069	1177.91271791	0.0
52.8119354795	1178.49157533	0.0
53.2619820182	1179.09582338	0.0
53.8390083853	1179.87524233	0.0
54.1601601187	1180.31066713	0.0
54.6008797234	1180.90807924	0.0
54.7537232001	1181.54333314	0.0
55.6716194695	1182.35937318	0.0
55.9986382073	1182.80273256	0.0
56.4583283014	1183.4259015	0.0
56.9500046328	1184.09240541	0.0
57.7610016415	1185.19189271	0.0
58.3952560971	1186.05187807	0.0
58.8978882386	1186.73364076	0.0
59.3827972955	1187.39147768	0.0
59.9006081182	1188.09435854	0.0
60.3925018858	1188.76208314	0.0
60.9187584468	1189.47656068	0.0
61.4317741945	1190.17321596	0.0
62.3157616222	1191.37463197	0.0
62.6234474723	1191.79382142	0.0
63.0013199412	1192.30663881	0.0
63.3540001463	1192.79162416	0.0
63.690456446	1193.26403627	0.0
64.5431747984	1194.52001771	0.0
64.6965561463	1195.30737123	0.0
65.5358276922	1196.09020814	0.0
66.5272141052	1197.65502748	0.0
67.2334900459	1198.74963197	0.0
67.5573883608	1199.24975404	0.0
68.2615356993	1200.33593568	0.0
68.2615356993	1201.14294252	0.0
68.7852325982	1201.14294252	0.0
69.150993403	1201.70666322	0.0
69.5163879954	1202.26977358	0.0
69.8400879446	1202.76830873	0.0
70.752922112	1204.17370424	0.0
71.3169632507	1205.04211244	0.0
71.8517151428	1205.86486635	0.0
72.9719620302	1207.58923158	0.0
73.5543366029	1208.48449525	0.0
74.1166000924	1209.35033998	0.0
74.7046127865	1210.25512514	0.0
75.2705307548	1211.12438783	0.0
75.8643799383	1212.03698549	0.0
76.4408188407	1212.94091615	0.0
77.565895136	1214.79711732	0.0
78.1149063667	1215.77233705	0.0
78.6254578186	1216.70959291	0.0
79.1663895214	1217.70202455	0.0
79.868156489	1218.96777162	0.0
79.868156489	1219.63415346	0.0
80.6716843196	1220.40344057	0.0
81.1716919492	1221.29382143	0.0
81.5317764842	1221.93444643	0.0
82.4700165352	1223.60449037	0.0
83.0123825622	1224.57031068	0.0
83.5705490664	1225.5640851	0.0
84.3050308787	1226.87231263	0.0
84.8851090038	1227.90466127	0.0
85.4439011177	1228.89892396	0.0
85.8469544019	1229.61584291	0.0
86.4126358593	1230.62133607	0.0
86.9829254704	1231.63451967	0.0
87.7474442079	1232.99328432	0.0
88.325271661	1234.020506	0.0
88.7196350649	1234.72253236	0.0
89.108512933	1235.41552553	0.0
89.5014801574	1236.11559877	0.0
90.2926178532	1237.52612123	0.0
90.68214422	1238.22057924	0.0
91.0645905097	1238.90270814	0.0
91.6684265686	1239.97961244	0.0
92.6748276299	1241.77355775	0.0
92.6748276299	1242.49230775	0.0
93.4727860053	1243.19384584	0.0
94.3129120434	1244.68749818	0.0
94.6878052314	1245.35302553	0.0
95.3112717234	1246.45959291	0.0
95.9269257152	1247.55187807	0.0
96.7721558166	1249.05016908	0.0
97.1715088441	1249.75915345	0.0
98.0209427429	1251.26757631	0.0
98.4250107364	1251.9859601	0.0
99.2797546926	1253.50597963	0.0
99.6859589166	1254.22924623	0.0
100.807334954	1256.22533998	0.0
101.264976557	1257.0397931	0.0
101.713172967	1257.83727846	0.0
102.127204949	1258.57397279	0.0
102.56836706	1259.35803041	0.0
103.001159724	1260.12682924	0.0
103.89282232	1261.70751771	0.0
104.732765252	1263.19640932	0.0
105.178382929	1263.98693666	0.0
105.621429499	1264.77258119	0.0
106.507179315	1266.34631166	0.0
106.930343682	1267.10680971	0.0
107.371711786	1267.91576967	0.0
107.795616204	1268.71240053	0.0
107.795616204	1269.52111635	0.0
109.036026056	1271.17394838	0.0
109.825897272	1272.77001771	0.0
109.825897272	1273.62512026	0.0
110.649131829	1274.42162904	0.0
110.87292486	1274.86901674	0.0
111.888336237	1276.89489564	0.0
112.737770136	1278.5875226	0.0
113.161445672	1279.43139467	0.0
113.561943108	1280.22985658	0.0
114.006820734	1281.11706361	0.0
114.839454706	1282.77587709	0.0
115.271209772	1283.63647279	0.0
115.69852453	1284.48876772	0.0
116.105850274	1285.30126771	0.0
116.551376398	1286.18957338	0.0
116.979866083	1287.04406557	0.0
117.84546667	1288.7684308	0.0
118.694343622	1290.45739564	0.0
119.138122613	1291.34008607	0.0
119.594627435	1292.24804506	0.0
119.993293817	1293.04162416	0.0
120.890655573	1294.82873354	0.0
121.314605769	1295.67394838	0.0
121.773033196	1296.58788881	0.0
122.2116242	1297.4625226	0.0
122.852165277	1298.75390443	0.0
123.714149531	1300.55969057	0.0
124.370620782	1302.00976381	0.0
124.705070551	1302.78002748	0.0
124.938766534	1303.32995424	0.0
125.502975518	1304.70190248	0.0
126.04718023	1306.09399232	0.0
126.570518548	1307.50341615	0.0
127.070152337	1308.92370424	0.0
127.560577447	1310.38171205	0.0
128.031066949	1311.79919252	0.0
128.524688775	1313.2885724	0.0
128.989364679	1314.68871889	0.0
129.48066717	1316.16381654	0.0
129.806793269	1317.13989076	0.0
130.454299981	1319.07421693	0.0
130.950546319	1320.55370912	0.0
131.435730036	1322.00292787	0.0
131.769546563	1322.99865541	0.0
131.930908258	1323.48290834	0.0
132.726181085	1325.97192201	0.0
132.877624567	1326.47448549	0.0
133.307617243	1327.96752748	0.0
133.307617243	1329.49596986	0.0
134.327697809	1332.08495912	0.0
134.760192925	1334.15588197	0.0
135.041168268	1335.63720522	0.0
135.337661799	1337.33434877	0.0
135.661544856	1339.38915834	0.0
135.736541804	1339.902464	0.0
135.944778497	1341.43102846	0.0
136.07804876	1342.5196515	0.0
136.196487482	1343.58801088	0.0
136.295135554	1344.57812319	0.0
136.436126763	1346.21301088	0.0
136.550766045	1347.761839	0.0
136.631301934	1348.87072572	0.0
136.668624933	1349.38134584	0.0
136.783371028	1350.96435365	0.0
136.858215387	1352.08263978	0.0
136.994613702	1354.21911439	0.0
137.064804132	1355.29955873	0.0
137.100601252	1355.84716615	0.0
137.203002984	1357.40624819	0.0
137.203002984	1358.52538881	0.0
137.312805231	1359.07104311	0.0
137.494491631	1361.8132306	0.0
137.567642268	1362.91638002	0.0
137.637466485	1363.96545228	0.0
137.710449273	1365.0595685	0.0
137.782730158	1366.14416322	0.0
137.930755671	1368.36755189	0.0
137.965774591	1368.89452943	0.0
138.072860773	1370.50585756	0.0
138.072860773	1371.67870912	0.0
138.186523492	1372.21545228	0.0
138.372268731	1375.00231752	0.0
138.408126885	1375.53942689	0.0
138.517166192	1377.17236147	0.0
138.595596368	1378.34557924	0.0
138.631897027	1378.88940248	0.0
138.818618829	1381.68664369	0.0
138.856109673	1382.24999818	0.0
138.965316827	1383.89196596	0.0
138.965316827	1385.07604799	0.0
139.080703791	1385.6376935	0.0
139.268112237	1388.47228822	0.0
139.305694636	1389.04015932	0.0
139.414947565	1390.68664369	0.0
139.494491632	1391.88635072	0.0
139.533584649	1392.47570619	0.0
139.644561822	1394.14404115	0.0
139.759552058	1395.87463197	0.0
139.872360284	1397.56799135	0.0
139.951492364	1398.75512514	0.0
139.989776666	1399.32995424	0.0
140.102874811	1401.02673158	0.0
140.18214422	1402.22082338	0.0
140.3321076	1404.4884015	0.0
140.412033135	1405.71386537	0.0
140.448532159	1406.30114564	0.0
140.539596613	1407.98486147	0.0
140.59181219	1409.22765932	0.0
140.611801203	1409.80224428	0.0
140.688415583	1412.73559389	0.0
140.702606257	1413.30639467	0.0
140.745498713	1415.0373517	0.0
140.775863703	1416.25463686	0.0
140.790741022	1416.83971986	0.0
140.836288507	1418.59179506	0.0
140.884735163	1420.41125306	0.0
140.931243951	1422.13805971	0.0
140.96478277	1423.37792787	0.0
140.981094416	1423.98107728	0.0
141.027175958	1425.69262514	0.0
141.076873835	1427.5476056	0.0
141.076873835	1429.30261049	0.0
141.157760675	1430.57580385	0.0
141.173461969	1431.16003236	0.0
141.220489557	1432.9156476	0.0
141.27035528	1434.78820619	0.0
141.306457574	1436.57067689	0.0
141.319152886	1437.83495912	0.0
141.321472223	1438.42089662	0.0
141.320632989	1439.62670717	0.0
141.313629205	1442.39648256	0.0
141.309692439	1443.67773256	0.0
141.304184015	1445.51293764	0.0
141.302795464	1446.05578431	0.0
141.299774225	1447.34911928	0.0
141.295425471	1449.75256166	0.0
141.29327398	1451.06249818	0.0
141.291366633	1452.23461732	0.0
141.282455498	1453.47997865	0.0
141.260131891	1454.76550111	0.0
141.175994928	1457.19848451	0.0
141.116210992	1458.38696107	0.0
141.045730645	1459.63122377	0.0
140.977005059	1460.73974428	0.0
140.890457208	1462.02917299	0.0
140.802780206	1463.22985659	0.0
140.553222712	1466.17443666	0.0
140.553222712	1467.36327943	0.0
140.256546076	1469.10278139	0.0
140.129455621	1470.22167787	0.0
140.002624567	1471.2581769	0.0
139.681198176	1473.63024721	0.0
139.426559502	1475.30126772	0.0
139.243225153	1476.426756	0.0
139.148635919	1476.98693666	0.0
138.968902644	1478.0106183	0.0
138.748458917	1479.21117982	0.0
138.2738648	1481.61242494	0.0
138.044891413	1482.69201479	0.0
137.793075617	1483.83215151	0.0
137.538116509	1484.94103822	0.0
137.303253229	1485.92114076	0.0
136.730102595	1488.17968568	0.0
136.468414362	1489.15063295	0.0
136.146163995	1490.30566225	0.0
135.830490167	1491.39636049	0.0
135.54302984	1492.35485658	0.0
134.845672662	1494.57092103	0.0
134.522949275	1495.54125795	0.0
134.134140071	1496.67187318	0.0
133.764144953	1497.71972474	0.0
133.421844537	1498.69152651	0.0
133.025497492	1499.83886538	0.0
132.355545098	1501.86706361	0.0
131.990814264	1503.03869447	0.0
131.514190729	1504.65319642	0.0
131.06320196	1506.32531557	0.0
130.547515923	1508.37499818	0.0
130.266052301	1509.56847963	0.0
130.018631037	1510.65661439	0.0
129.798324639	1511.66039857	0.0
129.543243463	1512.86498842	0.0
129.320236261	1513.96325502	0.0
128.911590631	1516.12682924	0.0
128.715133722	1517.24877748	0.0
128.549560602	1518.25219545	0.0
128.366149957	1519.42870912	0.0
128.205993707	1520.52404604	0.0
127.917038018	1522.72302064	0.0
127.789146479	1523.80822572	0.0
127.681358393	1524.80798158	0.0
127.564262446	1525.98681459	0.0
127.465484674	1527.07836732	0.0
127.299957331	1529.23339662	0.0
127.22927099	1530.32726869	0.0
127.174522454	1531.30737123	0.0
127.117126519	1532.49902162	0.0
127.058387812	1534.06811342	0.0
127.001831111	1537.2795392	0.0
127.005188044	1538.87585268	0.0
127.005188044	1539.93847474	0.0
127.018707331	1540.88549623	0.0
127.07654577	1542.02453432	0.0
127.170860346	1544.00451479	0.0
127.242134149	1545.1265851	0.0
127.356132563	1546.65795717	0.0
127.571235711	1548.08251771	0.0
127.571235711	1548.98559389	0.0
128.062591607	1550.79919252	0.0
128.404098565	1552.54174623	0.0
128.611114558	1553.46813783	0.0
129.266845759	1555.98925599	0.0
129.508590753	1556.82006654	0.0
129.745727593	1557.59167299	0.0
130.024597224	1558.49352846	0.0
130.024597224	1559.31677064	0.0
130.81710821	1560.95812807	0.0
131.222534234	1562.15075502	0.0
131.653335626	1563.3621808	0.0
131.949737604	1564.15991029	0.0
132.563598689	1565.71276674	0.0
132.900939996	1566.51855287	0.0
133.195632991	1567.19506654	0.0
133.571411188	1568.02526674	0.0
133.927276666	1568.77929506	0.0
134.672348079	1570.26342592	0.0
135.059310969	1571.0106183	0.0
135.398223932	1571.67529115	0.0
135.800582941	1572.48229799	0.0
136.164382988	1573.23254213	0.0
136.485122735	1573.91930971	0.0
137.179138237	1575.50561342	0.0
137.460052544	1576.199339	0.0
137.780212458	1577.02819643	0.0
138.067871149	1577.81164369	0.0
138.316787775	1578.5217267	0.0
138.604446467	1579.36291322	0.0
139.081924493	1580.80798158	0.0
139.339599663	1581.61913881	0.0
139.339599663	1582.36926088	0.0
139.76809698	1583.03137025	0.0
139.995208794	1583.82372865	0.0
140.194442804	1584.5562726	0.0
140.561248834	1586.04089174	0.0
140.865921075	1587.43859681	0.0
141.028915461	1588.23620424	0.0
141.174224909	1588.96117983	0.0
141.174224909	1589.62060365	0.0
141.487823541	1590.78307924	0.0
141.641525323	1591.80444154	0.0
141.741394097	1592.57324037	0.0
141.823349053	1593.31225404	0.0
141.887146052	1593.96117983	0.0
141.887146052	1594.74181947	0.0
142.033935602	1596.1043683	0.0
142.066497858	1596.87353334	0.0
142.066497858	1597.92516908	0.0
142.116043146	1599.00573549	0.0
142.12744146	1599.68627748	0.0
142.143402155	1601.09618959	0.0
142.159179743	1601.78747377	0.0
142.182128961	1602.36559877	0.0
142.198303277	1603.04992494	0.0
142.19662481	1603.65868959	0.0
142.180358943	1604.20678529	0.0
142.164459283	1605.18163881	0.0
142.131454524	1606.08740053	0.0
142.098938042	1606.69592104	0.0
142.028884944	1607.31970033	0.0
141.982544	1607.88696108	0.0
141.941406304	1608.54980287	0.0
141.883316095	1609.69872865	0.0
141.841140803	1610.33056459	0.0
141.786590631	1610.91088686	0.0
141.722259576	1611.42053041	0.0
141.636306817	1612.02734194	0.0
141.544601495	1612.59155092	0.0
141.32630926	1613.71630678	0.0
141.212966974	1614.23376283	0.0
140.95634466	1615.29736146	0.0
140.751159722	1616.07299623	0.0
140.527816826	1616.85119447	0.0
140.375335749	1617.34838686	0.0
140.032486016	1618.3732892	0.0
139.492904718	1619.7738019	0.0
139.287567195	1620.25134096	0.0
138.857254082	1621.16625795	0.0
138.125610407	1622.51232729	0.0
137.861999567	1622.94897279	0.0
137.299560603	1623.81908998	0.0
137.012832696	1624.24596986	0.0
137.180175835	1624.77038392	0.0
